4044	26050
1102	21416
3760	19265
3828	18963
3698	17976
4173	17490
1393	16234
3491	14430
4976	11845
606	11387
173	8889
3677	8478
2385	8261
798	7771
1257	7479
184	7124
4538	6996
4752	6930
4282	6852
1480	6808
1663	6681
3734	6677
4798	6568
4160	6498
141	6460
1043	6272
4760	6211
4945	5978
2206	5948
4644	5862
375	5850
4257	5814
420	5769
598	5680
1892	5629
4218	5600
2418	5544
4043	5522
2813	5515
4845	5428
4847	5332
1861	5303
1535	5294
2482	5237
4094	5187
1760	5153
3213	5124
962	5107
3139	5091
4918	5049
2468	4912
3859	4902
1200	4901
644	4756
422	4711
474	4630
4127	4622
2223	4599
3955	4522
1340	4486
3460	4436
4605	4362
2823	4343
2617	4327
2781	4326
1	4241
801	4157
1890	4155
3556	4035
2387	3960
2336	3949
3659	3850
3073	3849
2138	3833
2676	3807
2217	3763
2537	3724
1501	3704
4404	3688
4659	3677
4255	3617
467	3572
4766	3547
1699	3504
2669	3419
2959	3398
2031	3372
4287	3366
4924	3363
3663	3361
66	3360
1783	3326
4048	3318
3623	3304
4161	3269
643	3266
2591	3260
1346	3245
1595	3236
2818	3223
